0.000302
0.000477
0.000413
0.000353
0.000259
0.000302
0.000338
0.000571
0.000442
0.000480
0.000283
0.000257
0.000209
0.000543
0.000309
0.000780
0.000524
0.000526
0.000248
0.000335
0.000264
0.000388
0.000321
0.000212
0.000357
0.000258
0.000343
0.000360
0.000364
0.000290
0.001882
0.006124
0.001888
0.001626
0.001563
0.001794
0.001559
0.001595
0.001777
0.001954
0.001482
0.001969
0.001592
0.001875
0.001426
0.001556
0.001416
0.001959
0.001475
0.001435
0.001385
0.001348
0.001470
0.001377
0.001461
0.001730
0.001465
0.001664
0.001601
0.001668
0.010486
0.011207
0.011779
0.012356
0.014616
0.012449
0.012359
0.010602
0.013096
0.011890
0.010626
0.013661
0.012025
0.010074
0.013308
0.012042
0.009673
0.010668
0.010883
0.012879
0.009725
0.010935
0.010653
0.011347
0.011028
0.009996
0.018249
0.010446
0.010011
0.010522
0.083060
0.095801
0.081870
0.095830
0.079368
0.088578
0.081110
0.081728
0.089706
0.079255
0.107291
0.074016
0.100240
0.074276
0.080450
0.084424
0.083515
0.080857
0.081911
0.093303
0.080224
0.080954
0.080237
0.072554
0.079553
0.079129
0.072552
0.078649
0.084087
0.079101
0.388047
0.374170
0.321696
0.314048
0.332590
0.317829
0.313153
0.320526
0.317225
0.312983
0.326988
0.340637
0.322203
0.329415
0.363185
0.349358
0.324475
0.332765
0.326745
0.349264
0.335696
0.335504
0.316059
0.315467
0.335526
0.315849
0.315971
0.316020
0.323406
0.290796
0.736792
0.669086
0.706010
0.693197
0.663072
0.670588
0.663662
0.637749
0.656299
0.646588
0.763833
0.656295
0.668749
0.659699
0.650816
0.706084
0.641370
0.669801
0.650137
0.649421
0.670371
0.624490
0.631413
0.624393
0.615198
0.632742
0.595820
0.623418
0.651315
0.632078
2.052912
1.665213
2.019537
1.277516
1.297488
1.266832
1.405185
1.358311
1.358726
1.300770
1.493301
1.315183
1.394709
1.265325
1.412246
1.325782
1.323683
1.368111
1.392003
1.344291
1.163508
1.266031
1.317729
1.265689
1.264981
1.264565
1.265388
1.265235
1.264792
1.264943
